50,52
50,51
50,50
50,49
50,48
50,47
50,46
50,45
50,44
50,43
50,42
50,41
50,40
50,39
50,38
50,37
50,36
4,3
6,5
6,1
6,4
6,2
6,3
7,7
7,8
7,4
7,13
7,5
7,6
7,1
7,11
7,2
7,3
5,4
5,2
5,1
5,3
48,1
48,3
47,1
47,3
45,1
45,3
43,1
43,3
40,1
40,3
38,1
38,3
46,1
46,3
34,1
34,3
36,1
36,3
29,1
29,3
0,273
0,270
50,35
26,1
26,3
3,2
3,1
3,3
10,302
10,242
10,104
10,168
10,288
12,2
12,1
12,3
20,2
20,1
20,3
19,2
19,1
19,3
11,29
11,28
11,27
11,26
11,25
11,24
11,23
11,22
11,21
11,20
11,19
11,18
11,17
11,16
11,15
11,14
11,13
11,12
11,11
11,10
11,9
11,8
11,7
11,6
11,5
11,4
11,3
11,2
11,1
11,0
10,95
10,94
10,93
10,92
10,91
10,90
10,89
10,88
10,87
10,86
10,85
10,84
10,83
10,82
10,81
10,80
10,79
10,78
10,77
10,76
10,75
10,74
10,73
10,72
10,71
10,70
10,69
10,68
18,1
